((("cl" .
   [1 0])
  ("c" .
   [2])
  ("j" .
   [1])
  ("Info" .
   [0 0 1 0])
  ("if" .
   [0 1])
  ("se" .
   [0 1])
  ("seq" .
   [1 0 0])
  ("ecb" .
   [1 0 0])
  ("save" .
   [2 0 0 0])
  ("Magit" .
   [0 0 1 1 0])
  ("magit-mode" .
   [0 0 0 0 0 0 0 1 0 0])
  ("require" .
   [1 0 0 0 0 0 1])
  ("magit" .
   [1 0 0 0 0])
  ("let" .
   [1 0 0])
  ("python" .
   [1 0 0 0 0 0])
  ("python-mode" .
   [0 0 0 0 0 0 0 1 0 0 0])
  ("etags" .
   [2 0 0 0 0])
  ("set_dependent_variables_number" .
   [0 0 0 0 0 0 1 0 0 0 0 0 0 0 0 0 0 0 0 0 0 0 0 0 0 0 0 0 0 0])
  ("set" .
   [2 0 0])))
